{
 "cells": [
  {
   "cell_type": "markdown",
   "metadata": {},
   "source": [
    "This is an implementation by Sebastian Raschka. As a practice exercise, I am trying to re-implement the algorithm. Link: https://sebastianraschka.com/Articles/2014_python_lda.html"
   ]
  },
  {
   "cell_type": "markdown",
   "metadata": {},
   "source": [
    "# Linear Discriminant Analysis"
   ]
  },
  {
   "cell_type": "markdown",
   "metadata": {},
   "source": [
    "Compute the dd-dimensional mean vectors for the different classes from the dataset.\n",
    "Compute the scatter matrices (in-between-class and within-class scatter matrix).\n",
    "Compute the eigenvectors (ee1,ee2,...,eedee1,ee2,...,eed) and corresponding eigenvalues (λλ1,λλ2,...,λλdλλ1,λλ2,...,λλd) for the scatter matrices.\n",
    "Sort the eigenvectors by decreasing eigenvalues and choose kk eigenvectors with the largest eigenvalues to form a d×kd×k dimensional matrix WWWW (where every column represents an eigenvector).\n",
    "Use this d×kd×k eigenvector matrix to transform the samples onto the new subspace. This can be summarized by the matrix multiplication: YY=XX×WWYY=XX×WW (where XXXX is a n×dn×d-dimensional matrix representing the nn samples, and yyyy are the transformed n×kn×k-dimensional samples in the new subspace)."
   ]
  },
  {
   "cell_type": "markdown",
   "metadata": {},
   "source": [
    "Dataset : http://archive.ics.uci.edu/ml/datasets/Wine"
   ]
  },
  {
   "cell_type": "code",
   "execution_count": 1,
   "metadata": {
    "collapsed": false
   },
   "outputs": [
    {
     "name": "stderr",
     "output_type": "stream",
     "text": [
      "/Users/mathurtx/tensorflow/lib/python2.7/site-packages/matplotlib/font_manager.py:273: UserWarning: Matplotlib is building the font cache using fc-list. This may take a moment.\n",
      "  warnings.warn('Matplotlib is building the font cache using fc-list. This may take a moment.')\n"
     ]
    }
   ],
   "source": [
    "import pandas as pd\n",
    "import matplotlib.pyplot as plt\n",
    "import numpy as np\n",
    "import math\n",
    "\n",
    "wineDf = pd.read_csv(\n",
    "    filepath_or_buffer='http://archive.ics.uci.edu/ml/machine-learning-databases/wine/wine.data',\n",
    "    header=None,\n",
    "    sep=','\n",
    ")\n"
   ]
  },
  {
   "cell_type": "code",
   "execution_count": 2,
   "metadata": {
    "collapsed": false
   },
   "outputs": [
    {
     "data": {
      "text/html": [
       "<div>\n",
       "<table border=\"1\" class=\"dataframe\">\n",
       "  <thead>\n",
       "    <tr style=\"text-align: right;\">\n",
       "      <th></th>\n",
       "      <th>Label</th>\n",
       "      <th>Alcohol</th>\n",
       "      <th>Malic_acid</th>\n",
       "      <th>Ash</th>\n",
       "      <th>Alcalinity_of_ash</th>\n",
       "      <th>Magnesium</th>\n",
       "      <th>Total_phenols</th>\n",
       "      <th>Flavanoids</th>\n",
       "      <th>Nonflavanoid_phenols</th>\n",
       "      <th>Proanthocyanins</th>\n",
       "      <th>Color_intensity</th>\n",
       "      <th>Hue</th>\n",
       "      <th>OD280/OD315</th>\n",
       "      <th>Proline</th>\n",
       "    </tr>\n",
       "  </thead>\n",
       "  <tbody>\n",
       "    <tr>\n",
       "      <th>0</th>\n",
       "      <td>1</td>\n",
       "      <td>14.23</td>\n",
       "      <td>1.71</td>\n",
       "      <td>2.43</td>\n",
       "      <td>15.6</td>\n",
       "      <td>127</td>\n",
       "      <td>2.80</td>\n",
       "      <td>3.06</td>\n",
       "      <td>0.28</td>\n",
       "      <td>2.29</td>\n",
       "      <td>5.64</td>\n",
       "      <td>1.04</td>\n",
       "      <td>3.92</td>\n",
       "      <td>1065</td>\n",
       "    </tr>\n",
       "    <tr>\n",
       "      <th>1</th>\n",
       "      <td>1</td>\n",
       "      <td>13.20</td>\n",
       "      <td>1.78</td>\n",
       "      <td>2.14</td>\n",
       "      <td>11.2</td>\n",
       "      <td>100</td>\n",
       "      <td>2.65</td>\n",
       "      <td>2.76</td>\n",
       "      <td>0.26</td>\n",
       "      <td>1.28</td>\n",
       "      <td>4.38</td>\n",
       "      <td>1.05</td>\n",
       "      <td>3.40</td>\n",
       "      <td>1050</td>\n",
       "    </tr>\n",
       "    <tr>\n",
       "      <th>2</th>\n",
       "      <td>1</td>\n",
       "      <td>13.16</td>\n",
       "      <td>2.36</td>\n",
       "      <td>2.67</td>\n",
       "      <td>18.6</td>\n",
       "      <td>101</td>\n",
       "      <td>2.80</td>\n",
       "      <td>3.24</td>\n",
       "      <td>0.30</td>\n",
       "      <td>2.81</td>\n",
       "      <td>5.68</td>\n",
       "      <td>1.03</td>\n",
       "      <td>3.17</td>\n",
       "      <td>1185</td>\n",
       "    </tr>\n",
       "    <tr>\n",
       "      <th>3</th>\n",
       "      <td>1</td>\n",
       "      <td>14.37</td>\n",
       "      <td>1.95</td>\n",
       "      <td>2.50</td>\n",
       "      <td>16.8</td>\n",
       "      <td>113</td>\n",
       "      <td>3.85</td>\n",
       "      <td>3.49</td>\n",
       "      <td>0.24</td>\n",
       "      <td>2.18</td>\n",
       "      <td>7.80</td>\n",
       "      <td>0.86</td>\n",
       "      <td>3.45</td>\n",
       "      <td>1480</td>\n",
       "    </tr>\n",
       "    <tr>\n",
       "      <th>4</th>\n",
       "      <td>1</td>\n",
       "      <td>13.24</td>\n",
       "      <td>2.59</td>\n",
       "      <td>2.87</td>\n",
       "      <td>21.0</td>\n",
       "      <td>118</td>\n",
       "      <td>2.80</td>\n",
       "      <td>2.69</td>\n",
       "      <td>0.39</td>\n",
       "      <td>1.82</td>\n",
       "      <td>4.32</td>\n",
       "      <td>1.04</td>\n",
       "      <td>2.93</td>\n",
       "      <td>735</td>\n",
       "    </tr>\n",
       "  </tbody>\n",
       "</table>\n",
       "</div>"
      ],
      "text/plain": [
       "   Label  Alcohol  Malic_acid   Ash  Alcalinity_of_ash  Magnesium  \\\n",
       "0      1    14.23        1.71  2.43               15.6        127   \n",
       "1      1    13.20        1.78  2.14               11.2        100   \n",
       "2      1    13.16        2.36  2.67               18.6        101   \n",
       "3      1    14.37        1.95  2.50               16.8        113   \n",
       "4      1    13.24        2.59  2.87               21.0        118   \n",
       "\n",
       "   Total_phenols  Flavanoids  Nonflavanoid_phenols  Proanthocyanins  \\\n",
       "0           2.80        3.06                  0.28             2.29   \n",
       "1           2.65        2.76                  0.26             1.28   \n",
       "2           2.80        3.24                  0.30             2.81   \n",
       "3           3.85        3.49                  0.24             2.18   \n",
       "4           2.80        2.69                  0.39             1.82   \n",
       "\n",
       "   Color_intensity   Hue  OD280/OD315  Proline  \n",
       "0             5.64  1.04         3.92     1065  \n",
       "1             4.38  1.05         3.40     1050  \n",
       "2             5.68  1.03         3.17     1185  \n",
       "3             7.80  0.86         3.45     1480  \n",
       "4             4.32  1.04         2.93      735  "
      ]
     },
     "execution_count": 2,
     "metadata": {},
     "output_type": "execute_result"
    }
   ],
   "source": [
    "wineDf.columns = ['Label','Alcohol','Malic_acid','Ash','Alcalinity_of_ash','Magnesium','Total_phenols','Flavanoids','Nonflavanoid_phenols'\n",
    "                  ,'Proanthocyanins','Color_intensity','Hue','OD280/OD315','Proline']\n",
    "wineDf.head(5)"
   ]
  },
  {
   "cell_type": "code",
   "execution_count": 3,
   "metadata": {
    "collapsed": true
   },
   "outputs": [],
   "source": [
    "#Step 1: Computing the d-dimensional mean vectors"
   ]
  },
  {
   "cell_type": "code",
   "execution_count": 4,
   "metadata": {
    "collapsed": true
   },
   "outputs": [],
   "source": [
    "X = wineDf.ix[:,1:14].values\n",
    "y = wineDf.ix[:,0].values"
   ]
  },
  {
   "cell_type": "code",
   "execution_count": 5,
   "metadata": {
    "collapsed": false
   },
   "outputs": [
    {
     "name": "stdout",
     "output_type": "stream",
     "text": [
      "Mean Vector class 1: [  1.3745e+01   2.0107e+00   2.4556e+00   1.7037e+01   1.0634e+02\n",
      "   2.8402e+00   2.9824e+00   2.9000e-01   1.8993e+00   5.5283e+00\n",
      "   1.0620e+00   3.1578e+00   1.1157e+03]\n",
      "\n",
      "Mean Vector class 2: [  1.2279e+01   1.9327e+00   2.2448e+00   2.0238e+01   9.4549e+01\n",
      "   2.2589e+00   2.0808e+00   3.6366e-01   1.6303e+00   3.0866e+00\n",
      "   1.0563e+00   2.7854e+00   5.1951e+02]\n",
      "\n",
      "Mean Vector class 3: [  1.3154e+01   3.3338e+00   2.4371e+00   2.1417e+01   9.9312e+01\n",
      "   1.6788e+00   7.8146e-01   4.4750e-01   1.1535e+00   7.3962e+00\n",
      "   6.8271e-01   1.6835e+00   6.2990e+02]\n",
      "\n"
     ]
    }
   ],
   "source": [
    "np.set_printoptions(precision=4)\n",
    "mean_vectors_class = []\n",
    "for label in range(1,4):\n",
    "    mean_vectors_class.append(np.mean(X[y==label], axis=0))\n",
    "    print('Mean Vector class %s: %s\\n' %(label, mean_vectors_class[label-1])) \n",
    "    "
   ]
  },
  {
   "cell_type": "code",
   "execution_count": 6,
   "metadata": {
    "collapsed": true
   },
   "outputs": [],
   "source": [
    "#Step 2: Computing the Scatter Matrices"
   ]
  },
  {
   "cell_type": "code",
   "execution_count": 7,
   "metadata": {
    "collapsed": false
   },
   "outputs": [
    {
     "name": "stdout",
     "output_type": "stream",
     "text": [
      "within-class Scatter Matrix:\n",
      "[[  4.5859e+01   1.4303e+00  -2.3291e+00  -1.7013e+01   3.1383e+00\n",
      "    4.7422e+00   3.9605e+00  -1.7072e-01   2.9350e+00   4.3130e+01\n",
      "    1.3687e-01  -8.7244e-01   2.1415e+03]\n",
      " [  1.4303e+00   1.5532e+02   3.7434e+00   7.2582e+01  -1.5563e+02\n",
      "   -2.5349e+00  -1.6466e+00   1.7807e+00   3.0105e+00  -4.5273e+01\n",
      "   -7.3732e+00   8.1426e+00  -5.7852e+03]\n",
      " [ -2.3291e+00   3.7434e+00   1.1563e+01   8.4728e+01   1.2067e+02\n",
      "    2.8298e+00   5.2449e+00   1.2286e+00   4.6912e-01   1.7140e+00\n",
      "    4.0639e-01   1.9095e+00  -8.7672e+01]\n",
      " [ -1.7013e+01   7.2582e+01   8.4728e+01   1.4012e+03   5.6662e+02\n",
      "    1.9008e+01   4.3123e+01   8.2101e+00   1.6227e+01  -1.7814e+01\n",
      "   -1.7204e+00   3.9486e+01  -5.7458e+03]\n",
      " [  3.1383e+00  -1.5563e+02   1.2067e+02   5.6662e+02   3.1615e+04\n",
      "    1.0100e+02   1.1670e+02  -5.0235e+01   2.2757e+02   3.1017e+02\n",
      "    2.2078e+01  -4.9198e+01   8.3344e+04]\n",
      " [  4.7422e+00  -2.5349e+00   2.8298e+00   1.9008e+01   1.0100e+02\n",
      "    3.3472e+01   2.8229e+01  -1.3538e+00   1.6073e+01   3.4822e+01\n",
      "   -2.5642e-01   1.0476e+01   1.4692e+03]\n",
      " [  3.9605e+00  -1.6466e+00   5.2449e+00   4.3123e+01   1.1670e+02\n",
      "    2.8229e+01   4.8074e+01  -2.6717e+00   2.2364e+01   5.0169e+01\n",
      "   -7.3611e-01   1.1876e+01   5.9950e+02]\n",
      " [ -1.7072e-01   1.7807e+00   1.2286e+00   8.2101e+00  -5.0235e+01\n",
      "   -1.3538e+00  -2.6717e+00   2.0845e+00  -1.5121e+00  -2.6437e-01\n",
      "    2.3775e-01  -1.7626e+00  -8.6304e+01]\n",
      " [  2.9350e+00   3.0105e+00   4.6912e-01   1.6227e+01   2.2757e+02\n",
      "    1.6073e+01   2.2364e+01  -1.5121e+00   4.3080e+01   4.0111e+01\n",
      "   -1.1035e+00   7.4273e+00   2.0094e+03]\n",
      " [  4.3130e+01  -4.5273e+01   1.7140e+00  -1.7814e+01   3.1017e+02\n",
      "    3.4822e+01   5.0169e+01  -2.6437e-01   4.0111e+01   3.9986e+02\n",
      "   -7.1743e+00  -1.1603e+01   1.1916e+04]\n",
      " [  1.3687e-01  -7.3732e+00   4.0639e-01  -1.7204e+00   2.2078e+01\n",
      "   -2.5642e-01  -7.3611e-01   2.3775e-01  -1.1035e+00  -7.1743e+00\n",
      "    4.2853e+00  -5.8574e-01   7.8593e+02]\n",
      " [ -8.7244e-01   8.1426e+00   1.9095e+00   3.9486e+01  -4.9198e+01\n",
      "    1.0476e+01   1.1876e+01  -1.7626e+00   7.4273e+00  -1.1603e+01\n",
      "   -5.8574e-01   2.8136e+01  -1.9150e+03]\n",
      " [  2.1415e+03  -5.7852e+03  -8.7672e+01  -5.7458e+03   8.3344e+04\n",
      "    1.4692e+03   5.9950e+02  -8.6304e+01   2.0094e+03   1.1916e+04\n",
      "    7.8593e+02  -1.9150e+03   5.1988e+06]]\n"
     ]
    }
   ],
   "source": [
    "Scatter_Matrix = np.zeros((X.shape[1], X.shape[1]))\n",
    "for label, mv in zip(range(1,4), mean_vectors_class):\n",
    "    class_scatter_matrix = np.zeros((X.shape[1], X.shape[1]))\n",
    "    for row in X[y == label]:\n",
    "        row, mv = row.reshape(X.shape[1],1), mv.reshape(X.shape[1],1)\n",
    "        class_scatter_matrix+= (row - mv).dot((row - mv).T)\n",
    "    Scatter_Matrix += class_scatter_matrix\n",
    "print 'within-class Scatter Matrix:\\n', Scatter_Matrix"
   ]
  },
  {
   "cell_type": "code",
   "execution_count": 8,
   "metadata": {
    "collapsed": false
   },
   "outputs": [
    {
     "name": "stdout",
     "output_type": "stream",
     "text": [
      "between-class Scatter Matrix: \n",
      "[[  7.0795e+01   1.3723e+01   1.0668e+01  -1.3186e+02   5.5262e+02\n",
      "    2.1257e+01   3.0029e+01  -2.6178e+00   8.3076e+00   1.3888e+02\n",
      "   -2.4933e+00   8.2530e+00   2.6987e+04]\n",
      " [  1.3723e+01   6.5578e+01   5.1556e+00   1.1793e+02   1.5062e+00\n",
      "   -3.8943e+01  -7.9531e+01   5.4292e+00  -2.7994e+01   1.5941e+02\n",
      "   -1.7995e+01  -5.9906e+01  -6.1709e+03]\n",
      " [  1.0668e+01   5.1556e+00   1.7592e+00  -1.2829e+01   7.8095e+01\n",
      "    1.0900e+00   3.3671e-01  -1.0316e-01  -2.0087e-01   2.7430e+01\n",
      "   -1.2351e+00  -1.7747e+00   3.5073e+03]\n",
      " [ -1.3186e+02   1.1793e+02  -1.2829e+01   5.7283e+02  -1.2702e+03\n",
      "   -1.3780e+02  -2.5058e+02   1.8415e+01  -8.2987e+01   4.3483e+01\n",
      "   -3.5293e+01  -1.5564e+02  -7.6268e+04]\n",
      " [  5.5262e+02   1.5062e+00   7.8095e+01  -1.2702e+03   4.4910e+03\n",
      "    2.3822e+02   3.7768e+02  -3.0399e+01   1.1454e+02   8.6166e+02\n",
      "    9.9330e+00   1.6767e+02   2.2980e+05]\n",
      " [  2.1257e+01  -3.8943e+01   1.0900e+00  -1.3780e+02   2.3822e+02\n",
      "    3.5857e+01   6.7435e+01  -4.8492e+00   2.2756e+01  -4.8981e+01\n",
      "    1.1237e+01   4.4575e+01   1.5907e+04]\n",
      " [  3.0029e+01  -7.9531e+01   3.3671e-01  -2.5058e+02   3.7768e+02\n",
      "    6.7435e+01   1.2852e+02  -9.1637e+00   4.3683e+01  -1.2082e+02\n",
      "    2.2699e+01   8.6937e+01   2.6915e+04]\n",
      " [ -2.6178e+00   5.4292e+00  -1.0316e-01   1.8415e+01  -3.0399e+01\n",
      "   -4.8492e+00  -9.1637e+00   6.5694e-01  -3.1004e+00   7.3657e+00\n",
      "   -1.5602e+00  -6.1085e+00  -2.0737e+03]\n",
      " [  8.3076e+00  -2.7994e+01  -2.0087e-01  -8.2987e+01   1.1454e+02\n",
      "    2.2756e+01   4.3683e+01  -3.1004e+00   1.4904e+01  -4.6041e+01\n",
      "    7.9472e+00   2.9908e+01   8.5317e+03]\n",
      " [  1.3888e+02   1.5941e+02   2.7430e+01   4.3483e+01   8.6166e+02\n",
      "   -4.8981e+01  -1.2082e+02   7.3657e+00  -4.6041e+01   5.5142e+02\n",
      "   -4.1767e+01  -1.1333e+02   2.8929e+04]\n",
      " [ -2.4933e+00  -1.7995e+01  -1.2351e+00  -3.5293e+01   9.9330e+00\n",
      "    1.1237e+01   2.2699e+01  -1.5602e+00   7.9472e+00  -4.1767e+01\n",
      "    4.9620e+00   1.6828e+01   2.2231e+03]\n",
      " [  8.2530e+00  -5.9906e+01  -1.7747e+00  -1.5564e+02   1.6767e+02\n",
      "    4.4575e+01   8.6937e+01  -6.1085e+00   2.9908e+01  -1.1333e+02\n",
      "    1.6828e+01   6.1087e+01   1.4292e+04]\n",
      " [  2.6987e+04  -6.1709e+03   3.5073e+03  -7.6268e+04   2.2980e+05\n",
      "    1.5907e+04   2.6915e+04  -2.0737e+03   8.5317e+03   2.8929e+04\n",
      "    2.2231e+03   1.4292e+04   1.2354e+07]]\n"
     ]
    }
   ],
   "source": [
    "#Between-class scatter matrix SB\n",
    "overall_mean = np.mean(X, axis=0)\n",
    "\n",
    "S_B = np.zeros((X.shape[1], X.shape[1]))\n",
    "for i,mean_vec in enumerate(mean_vectors_class):  \n",
    "    n = X[y==i+1,:].shape[0]\n",
    "    mean_vec = mean_vec.reshape(X.shape[1],1) # make column vector\n",
    "    overall_mean = overall_mean.reshape(X.shape[1],1) # make column vector\n",
    "    S_B += n * (mean_vec - overall_mean).dot((mean_vec - overall_mean).T)\n",
    "\n",
    "print 'between-class Scatter Matrix: \\n', S_B"
   ]
  },
  {
   "cell_type": "code",
   "execution_count": 9,
   "metadata": {
    "collapsed": false
   },
   "outputs": [],
   "source": [
    "eigen_values, eigen_vector = np.linalg.eig(np.linalg.inv(Scatter_Matrix).dot(S_B))\n",
    "eigen_pairs = [(np.abs(eigen_values[i]), eigen_vector[:,i]) for i in range(len(eigen_values))]"
   ]
  },
  {
   "cell_type": "code",
   "execution_count": 10,
   "metadata": {
    "collapsed": true
   },
   "outputs": [],
   "source": [
    "eigen_pairs = sorted(eigen_pairs, key = lambda x: -x[0])"
   ]
  },
  {
   "cell_type": "code",
   "execution_count": 11,
   "metadata": {
    "collapsed": false
   },
   "outputs": [
    {
     "name": "stdout",
     "output_type": "stream",
     "text": [
      "Eigenvalues in decreasing order:\n",
      "\n",
      "9.08173943504\n",
      "4.12846904564\n",
      "9.64715644323e-16\n",
      "8.881784197e-16\n",
      "7.45341003706e-16\n",
      "7.45341003706e-16\n",
      "6.91496825786e-16\n",
      "6.91496825786e-16\n",
      "3.2177919992e-16\n",
      "2.83497860587e-16\n",
      "2.83497860587e-16\n",
      "1.46712361361e-16\n",
      "3.26463714014e-17\n"
     ]
    }
   ],
   "source": [
    "print 'Eigenvalues in decreasing order:\\n'\n",
    "for i in eigen_pairs:\n",
    "    print(i[0])"
   ]
  },
  {
   "cell_type": "code",
   "execution_count": 12,
   "metadata": {
    "collapsed": true
   },
   "outputs": [],
   "source": [
    "eigen_total = sum(eigen_values)\n",
    "var_exp = [(i / eigen_total)*100 for i in sorted(eigen_values, reverse=True)]\n",
    "cum_var_exp = np.cumsum(var_exp)"
   ]
  },
  {
   "cell_type": "code",
   "execution_count": 13,
   "metadata": {
    "collapsed": false
   },
   "outputs": [
    {
     "name": "stderr",
     "output_type": "stream",
     "text": [
      "/Users/mathurtx/tensorflow/lib/python2.7/site-packages/matplotlib/patches.py:643: ComplexWarning: Casting complex values to real discards the imaginary part\n",
      "  self._height = float(height)\n",
      "/Users/mathurtx/tensorflow/lib/python2.7/site-packages/matplotlib/patches.py:641: ComplexWarning: Casting complex values to real discards the imaginary part\n",
      "  self._y = float(xy[1])\n",
      "/Users/mathurtx/tensorflow/lib/python2.7/site-packages/numpy/core/numeric.py:482: ComplexWarning: Casting complex values to real discards the imaginary part\n",
      "  return array(a, dtype, copy=False, order=order)\n"
     ]
    },
    {
     "data": {
      "image/png": "iVBORw0KGgoAAAANSUhEUgAAAk8AAAGJCAYAAACTntdaAAAABHNCSVQICAgIfAhkiAAAAAlwSFlz\nAAAPYQAAD2EBqD+naQAAIABJREFUeJzs3XlczfniP/DXqZw2oVJZJmObaaFNZAhDXCY/aWhs1zIM\nsmWdMbKMGKVsY5AlEUO4KJqxXEtkzDXGTo1yTWUphsqStJ2Wz+8Pt/N1FPrknM7ReT0fj3lc5/1Z\nzuv90a2Xz+fT+UgEQRBARERERJWio+4ARERERO8TliciIiIiEVieiIiIiERgeSIiIiISgeWJiIiI\nSASWJyIiIiIRWJ6IiIiIRGB5IiIiIhKB5YmIiIhIBI0qTzKZDF5eXrhw4YJ87OrVqxg8eDBcXFzg\n6emJvXv3Kmzz+++/w8vLC87Ozhg5ciTS0tKqOzYRERFpEY0pTzKZDDNmzEBycrJ8LCsrC76+vvjk\nk0/w888/Y/LkyQgMDMSvv/4KALh//z4mTZoEHx8fREdHw9TUFJMmTVLXFIiIiEgLaER5SklJwcCB\nA5Genq4wHhsbCwsLC0ybNg1NmjRB79694e3tjYMHDwIA9u7dCwcHB4wcORItWrRAcHAw7t27p3Dm\nioiIiEiZNKI8nT9/Hh06dMDu3bvx8nOKu3TpguDg4HLr5+TkAADi4+PRrl07+biBgQHs7e1x5coV\n1YcmIiIiraSn7gAAMGTIkArHGzVqhEaNGslfP3r0CIcPH8aUKVMAABkZGbC0tFTYpn79+nj48KHq\nwhIREZFW04jyVBmFhYWYPHkyLC0tMWjQIABAQUEBpFKpwnpSqRQymazCfRQXFyM7Oxv6+vrQ0dGI\nk25ERERUTUpLS1FYWIi6detCT6/qFei9KE95eXmYMGEC7t69i127dkFfXx8AoK+vX64oyWQy1KlT\np8L9ZGdn4/bt26qOS0RERBqsadOmMDc3r/L2Gl+enj9/jjFjxiA9PR0//fQTrK2t5cusrKyQmZmp\nsH5WVhbs7Owq3FdZ6WratCkMDQ1VF1qDpaWlKRxDbaTtx4Dz5/w5f+2dP6DdxyA/Px+3b9+W94Gq\n0ujyJAgC/Pz8cO/ePURGRqJp06YKy52cnHD58mX56/z8fCQmJmLy5MkV7q/sUp2hoSGMjIxUlluT\n6erqau3cy2j7MeD8OX/OX3vnD/AYAHjnW3c0+safvXv34vz58wgMDETt2rWRlZWFrKwsZGdnAwB8\nfHxw+fJlhIeHIzk5GbNnz0aTJk3g5uam5uRERERUU2ncmSeJRAKJRAIAOHbsGARBwPjx4xXWadeu\nHbZt24bGjRtjzZo1CAoKwrp169CmTRuEhoaqIzYRERFpCY0rT0lJSfI/b9q06a3rd+7cGUeOHFFl\nJCIiIiI5jb5sR0RERKRpWJ6IiIiIRGB5IiIiIhKB5YmIiIhIBJYnIiIiIhFYnoiIiIhEYHkiIiIi\nEoHliYiIiEgEliciIiIiEVieiIiIiERgeSIiqqHOnz8PW1tbXLhwodLbyGQyhISE4ODBg/Kx2bNn\no3v37qqIqDYeHh6YPXu2yrepqnv37sHW1hYxMTHV8n6v2r9/P+zs7HD//n21vL+mY3kiIqrByh60\nXlmZmZnYunUriouL5WMTJ07E2rVrlR3tvbNu3TpMnDhR3TGqRdeuXbF7925YWFioO4pG0rgHAxMR\nkfoIglBuzNraWg1JNI+tra26I1QbU1NTmJqaqjuGxuKZJyKid7B161b07t0bTk5O6NmzJyIiIuTL\nhg8fjhEjRiis/+qltH379sHR0RGXLl3CF198AUdHR3z22WeIi4vDrVu3MHLkSDg7O6Nnz544fPiw\nfD9r1qyp8Ie5ra0tQkNDX5v37NmzGDp0KNq0aQMHBwd4enpix44dAF5cKurRowckEgn8/f3ll+pe\n/vP8+fPRqVOnciUrMDAQHTp0QElJCQDg5s2bGDduHFxdXeHq6go/Pz+kpaW99XhevHgRw4cPh7Oz\nM9q3bw9/f388fvwYAFBaWooBAwagQ4cOePr0qXwbf39/uLi44Pbt2/JjsGPHDvm4u7s7Fi9eDJlM\n9tr3vXfvHr799lt07twZrVu3RseOHTFr1iyF93n5sl3ZZbUjR45gypQpaNOmDdq3b4/vvvsOBQUF\nCvveu3cv+vTpAwcHB3Tr1g2hoaHy41Tm2LFj8Pb2hpOTE/r374+kpKQ3HqeDBw/C1tYWycnJCuPH\njx+Hra0tbty4AQC4ceMGJk+ejA4dOqB169bo0qULwsLCFI5F2dfMF198AScnJ6xbtw779++Hra2t\nwmW7vXv3wsfHBy4uLnBycsLnn3+OI0eOyJfv378frVq1Qnx8PAYPHgxHR0d4eHgo/H8CAJ4/f45F\nixahS5cucHFxwRdffIFff/1V9DFTJ555IiK1Sk0FXvr5pHJpafp49kxxrF49oHlz8ftasmQJtm3b\nhtGjR6NDhw5ISEjA8uXLUVxcDF9f39du9/KlNIlEguLiYnzzzTfw8/NDw4YNsWzZMnzzzTeoX78+\nhgwZgvHjxyM0NBT+/v5wdXWFlZUVJBKJ6Etyp06dQlBQEEaOHIkpU6agoKAAO3fuRGBgIBwcHGBn\nZ4fQ0FD4+flh4sSJ6NmzZ7m8ffv2xd69e/HHH3+gQ4cOAF6crTp69Cj+3//7f9DV1cWtW7cwZMgQ\ntGjRAkuWLEFJSQnWrVuHIUOG4JdffoGZmVmF+S5cuIBRo0bB3d0dq1atwtOnT7Fq1Sp8+eWXiI6O\nhlQqRUhICPr164clS5YgODgYJ06cQExMDBYuXIimTZvK97Vq1So4Oztj1apVSE1NxcqVK5GVlVXh\nZbeCggIMHz4c5ubmWLBgAUxMTHDlyhWsWbMGhoaGWLBgwWuPaUBAAHx8fLBu3TrEx8dj5cqVMDMz\nw/Tp0wEAYWFh+PHHHzFixAjMmTMHSUlJWL16NR48eIDAwEAAwMmTJzF16lR4e3vj22+/RWJiImbO\nnPnGv98ePXrA2NgYhw4dwtSpU+Xjhw4dwkcffQRbW1tkZmZi2LBhcHZ2RkhICKRSKU6fPo0tW7bg\n448/xtixY+Xbbdy4ETNmzECzZs3wwQcfID4+XuH9d+zYgaCgIEydOhVt2rRBdnY2wsPD8c0338DF\nxQVWVlYAXhTcadOm4auvvsL06dMRFRWFpUuXwsbGBu7u7igtLcXo0aNx+/ZtTJ06Fc2aNUNMTAwm\nTpyIbdu2wdXVtVLHTO0ELZKbmytcvHhRyM3NVXcUtfnrr7/UHUHttP0YaNL8MzMFQUdHEAD1/qer\n+yKLGM+ePRNatWolhISEKIwHBQUJY8eOFQRBEIYNGyYMHz5cYfm5c+cEGxsb4fz584IgCMK+ffsE\nGxsbYffu3fJ1Dh06JNjY2Ahr1qyRj/3555+CjY2NEBsbKwiCIKxZs0awtbUtl+vl7V59r02bNgmT\nJk1SWP/p06eCjY2NsHHjRkEQBCE9PV2wsbER9u/fL1/H399f8PDwkL/28PAQ5s6dK3/9+++/C7a2\ntkJ8fLwgCIIwY8YMwd3dXeF7bXZ2ttC2bVth6dKlFRzNFwYNGiT07dtXYez27duCvb29sGPHDvnY\nxo0bBVtbW+H48eOCu7u7MH78+HLHwNPTUygpKZGPbd26VbC1tRVOnTolCIIgdOvWTfD39xcEQRCS\nkpKEoUOHCunp6Qr7GT9+vODp6Sl//fI2Zcdp1qxZCtuMGDFC8PLyEgRBEHJycgRnZ2dh4cKFCutE\nRUUJtra2QnJysiAIgtC/f39h0KBBCuuUzfHlv4dX+fv7Cz179pS/zs3NFZycnIRNmzYJgiAI//nP\nf4Rhw4YJeXl5Ctv16tVLGDNmjMLx+uqrrxTW2bdvn2Brayvcu3dPEARBCAkJEX744QeFda5fvy7Y\n2NgIhw4dkm9jY2MjREdHy9cpLCwUHB0dhUWLFgmCIAgnT54UbGxshLi4OPk6paWlwuDBg4XQ0NBK\nH7OqUlYP4JknIlKb+vWBv/6q7jNPaeXu4alX70UWMa5evYqSkhL06NFDYXzOnDmiM0kkEjg7O8tf\n1/9fGEdHx5cy1gMA5OTkiN53mdGjRyM5ORl5eXm4desW7ty5gz///BMA3nhJ61V9+/bFzp07sWDB\nAujp6eHQoUP48MMP4eDgAAA4d+4c2rdvD319ffmlFiMjI7i6uuL333+vcJ8FBQWIj4/HmDFjFC7P\nNG7cGM2bN8fvv/+Of/7zn/J5nDhxAlOmTIGZmRmCgoLK7c/Lyws6Ov93Z0qvXr0QHByMhIQEfPrp\npwrr2traIjIyEoIg4M6dO7h9+zZSUlKQmpr61ktFTk5OCq8bNGggv9R1+fJlFBQUoFu3bgr76dq1\nKwRBwJkzZ/DBBx8gMTER06ZNU9iPp6cnVqxY8cb37tu3L2JiYvDnn3+idevWiI2NRVFREfr06QMA\ncHd3h7u7O4qLi5GSkoI7d+7g5s2bePr0qfxMURkbG5s3vtesWbMAvPj6S01NxZ07d3Du3DlIJBKF\nrx2JRKJwTKRSKczMzJCfnw8AuHTpEmrVqoWuXbsqbLNr1y4AwG+//fbWY9aiRYs3Zq0OLE9EpFZV\nuVz2LurUKUTLlu++n7J7YczNzd99ZwBq166t8FoikcDQ0FAp+y7z5MkTBAUF4dy5c9DR0cGHH34I\nV1dXABXfKP463t7eWL9+PX777Td06tQJx48fx6hRo+TLnz59isOHD+PQoUMK20kkktcer+zsbJSW\nliI8PBwbN24st52RkZH8tY6ODry8vHD16lU4ODhUeBnQ0tJS4XXZOq8rn1u2bEFYWBiys7Nhbm6O\n1q1bw9DQ8K1l9dW/Ix0dHZSWlsrnJAgCfH19yx1fiUSCzMxM+Tqv3pz9av6KfPLJJ7C0tMShQ4fQ\nunVrHD58GG5ubvJiJAgCVqxYgZ07dyI/Px8NGzaEg4MDpFJpuTwvH9+K3L17F/Pnz8cff/wBqVSK\n5s2bv/YG+lePiUQiUTgmZf8QqMjTp0/feMwyMjLemLO6sDwREVVBnTp1AACPHz9WuNfm77//xt27\nd+Hq6qrwQ6NMXl6e6HuV3kQQBPn+8vLyKlxe5uuvv0ZycjK2bdsGJycn1KpVCwUFBdizZ4+o92za\ntCkcHR3x73//GxKJBM+ePYOXl5d8uYmJCTp27IjRo0eX+wGoq6tb4T5r164NiUSCkSNHys+cvMzA\nwED+56ysLKxevRr29vY4deoUjh49il69eims/+TJE4XXjx49AoAKf3AfOHAAS5YswaxZs9CvXz/5\nOtOmTUNCQsKbDsUblX2NrFixAh9++GG55fXr10e9evWgo6ODrKysN+aviEQigZeXFw4dOoRx48bh\nP//5j8I9QWFhYfjpp5+waNEi9OjRQ17QX/67qoyyMqOvr499+/bB1tYWOjo6SElJEf05VCYmJgo3\n4ZdJSkqCIAiVOmaagL9tR0RUBY6OjtDV1UVcXJzC+ObNmzFjxgzo6emhdu3aePDggcLyixcvKuX9\ny34Qvrz/ivb9clG7fPky3N3d0bZtW9SqVQsA5L/lVFZyXlduXuXt7Y1ff/0VBw8ehKurKxo3bixf\n1q5dO6SkpMDW1hatWrWS/xcREYHY2NgK92dsbAx7e3vcunVLYZuWLVti9erVOH/+vHzd7777Dnp6\neti6dSs8PDywcOFC+W/klTlx4oTC6yNHjkBHR6fcZbay41KnTh2MGjVKXpxyc3Nx6dIlUWfkXlVW\nUB88eKAwJx0dHaxYsQJpaWmQSqVwcXHBsWPHFLY9efJkpUq2t7c3/v77b4SGhqJWrVrym/zL5vXR\nRx/h888/l3+9PHz4EHfu3BE1rydPnuD27dv44osvYG9vL78c+uuvv1b4D4Q3adu2LYqLi/Hbb78p\njPv7+yMsLKxSx0wT8MwTEVEVmJqa4ssvv8SWLVtQq1YttGvXDteuXcO//vUv+Pv7AwC6deuGuLg4\nhISEwMPDAxcvXsTPP/9cqf2/7Ydb165dERISgnnz5mHMmDG4f/8+1q5dW+7y38v7cXBwQFxcHH75\n5Rc0aNAAly5dwsaNG6GjoyM/a1W2/dmzZ9G8eXOF+65e1rt3bwQHB+PIkSMICAhQWDZp0iQMHjwY\nvr6+GDJkCKRSKXbv3o2TJ09i9erVr53TjBkzMG7cOHzzzTfw8vJCSUkJIiIikJCQgEmTJgEAYmJi\nEBcXhx9++AF16tTB/Pnz0bt3byxYsEBh39euXcPMmTPh7e2NGzduYM2aNRg0aFCFl8McHR3xr3/9\nC0uWLEG3bt3w8OFDRERE4NGjR/IzIVVRr149jBkzBqtWrUJOTg7c3Nzw8OFDrF69Gjo6OvLLXtOn\nT8fIkSPh5+eHQYMGITU1FWFhYZV6j48++gh2dnbYtWsXevfurXD5zdHREevXr8fGjRvlH+WwceNG\nFBUVVXiW8nXMzMzQuHFjREZGwsrKCnXq1MHp06exfft2AJDfz1QZXbt2hZOTE/z9/TF16lRYW1sj\nJiYGt27dQlBQUKWPmbrxzBMRURXNnDkTX3/9NQ4dOoTx48fjwIEDCAgIwLBhwwAAPj4+GDt2LA4e\nPAhfX19cu3YNa9asqdS+Kzrr8PJY06ZNsXTpUty/fx/jxo1DZGQkgoKCypWDl7dZsmQJbGxsEBgY\nCD8/P8TFxWHRokXo1KkTLl26BOBFeRo1ahSOHz+OsWPHyj9p/NU8pqam6Ny5M3R1dfHZZ58pLLOx\nscHOnTuho6ODWbNmYdq0acjKysK6devK3WD/Mnd3d2zatAkPHz7EtGnT4O/vj1q1amHr1q1wdHRE\nRkYGFi9ejK5du6J3794AACsrK0yfPh3Hjx9X+BysL7/8EiUlJZg8eTJ27tyJiRMnYv78+QrHpWxO\n/fr1w6RJk3DkyBH4+voiNDQUbm5uWLhwIbKzs5GSklJum9f9Hb06PnXqVPj7+yM2Nhbjxo3D8uXL\n0a5dO0RGRsqLatu2bREeHo6MjAxMnjwZe/fuRXBw8GuP06u8vb1RWlqKvn37KoyXldft27fD19cX\nW7Zsgbe3N4YOHYrk5GT5/VyV+diLdevWwcrKCrNnz8b06dORkJCADRs2oHnz5m89m/ry/nV0dLBp\n0yb07NkTq1evxqRJk5CWloaIiAi0bt260sdM3STCu5yTfM/k5eUhKSkJdnZ2b705rqZKTk5GS2Xc\nLfse0/ZjwPlz/jV9/ra2tvDz84Ofn1+5Zdow/7fR5mOgrB7AM09EREREIrA8ERFRjVKVT18nEoM3\njBMRUY3ytufCEb0rnnkiIiIiEoHliYiIiEgEliciIiIiEVieiIiIiERgeSIiIiISgeWJiIiISASW\nJyIiIiIRWJ6IiIiIRGB5IiIiIhJBo8qTTCaDl5cXLly4IB9LT0/HqFGj4OLigj59+uDMmTMK2/z+\n++/w8vKCs7MzRo4cibS0tOqOTURERFpEY8qTTCbDjBkzkJycrDA+adIkWFpaIjo6Gn379oWfnx8e\nPHgAAPj7778xadIk+Pj4IDo6Gqamppg0aZI64hMREZGW0IjylJKSgoEDByI9PV1h/OzZs0hLS8P3\n33+P5s2bw9fXF87OzoiKigIA7NmzBw4ODhg5ciRatGiB4OBg3Lt3T+HMFREREZEyaUR5On/+PDp0\n6IDdu3dDEAT5eHx8PFq1agV9fX35mKurK65evSpf3q5dO/kyAwMD2Nvb48qVK9UXnoiIiLSKnroD\nAMCQIUMqHM/MzISlpaXCmLm5OR4+fAgAyMjIKLe8fv368uVEREREyqYR5el18vPzIZVKFcakUilk\nMhkAoKCg4I3LSfn++gvIyVF3ineTlqaPZ8/UnUJ9OH/On/NXdwr1evpUDy1bqjvF+02jy5O+vj6y\ns7MVxmQyGQwMDOTLXy1KMpkMderUeeN+09LSoKurq9yw74nc3NxyN+VX1u3btfCPf3yo5ETqYK3u\nAGrG+Ws3zl/b6ep+iN9/T4WZWam6o1S7kpISpexHo8uTlZVVuR/0WVlZsLCwkC/PzMwst9zOzu6N\n+7W2toaRkZFyw74nkpOT0bKK/+Qo+9daZCTwlkOs0dLS0mBtrb3fQDl/zp/z1975A8DTp3fg5tZc\n3THUIi8vD0lJSe+8H40uT05OTggPD4dMJpNfnrt06RLatm0rX3758mX5+vn5+UhMTMTkyZPVkldb\n2NkBbdqoO0XV1alTqNWnrDl/zp/zV3cK9UpOLlZ3hPeeRvy23eu4ubmhYcOG8Pf3R3JyMjZu3IiE\nhAR88cUXAAAfHx9cvnwZ4eHhSE5OxuzZs9GkSRO4ubmpOTkRERHVVBpXniQSifzPOjo6WLduHTIz\nM+Hj44MDBw5g7dq1aNCgAQCgcePGWLNmDaKjozFgwADk5OQgNDRUXdGJiIhIC2jcZbtXr0VaW1tj\n+/btr12/c+fOOHLkiKpjEREREQHQwDNPRERERJqM5YmIiIhIBJYnIiIiIhFYnoiIiIhEYHkiIiIi\nEoHliYiIiEgEliciIiIiEVieiIiIiERgeSIiIiISgeWJiIiISASWJyIiIiIRWJ6IiIiIRGB5IiIi\nIhKB5YmIiIhIBJYnIiIiIhFYnoiIiIhEYHkiIiIiEoHliYiIiEgEliciIiIiEVieiIiIiERgeSIi\nIiISgeWJiIiISASWJyIiIiIRWJ6IiIiIRGB5IiIiIhKB5YmIiIhIBJYnIiIiIhFYnoiIiIhEYHki\nIiIiEoHliYiIiEgEliciIiIiEVieiIiIiERgeSIiIiISgeWJiIiISIT3ojw9ePAA48ePh6urK7p3\n746ffvpJviwxMREDBw6Es7MzBgwYgOvXr6sxKREREdV070V5mjp1KoyNjbF//37MmTMHP/74I2Jj\nY5Gfnw9fX1+0a9cO+/btg7OzM8aNG4eCggJ1RyYiIqIaSuPL07Nnz3Dt2jVMmDABTZo0Qffu3dG5\nc2f88ccfOHz4MAwNDTFz5kw0b94cc+fOhbGxMY4cOaLu2ERERFRDvVN5ev78ObKzs5WVpUIGBgYw\nNDREdHQ0iouLkZqaisuXL8POzg7Xrl2Dq6urwvpt2rTBlStXVJqJiIiItFeVytNPP/2Ezp07o127\ndvjkk0/g7u6O0NBQZWcDAEilUsyfPx//+te/4OTkhN69e6NLly7w8fFBRkYGLC0tFdY3NzfHw4cP\nVZKFiIiISE/sBmvXrkVkZCSmTp0KFxcXlJaW4vLlywgNDUWtWrUwbtw4pYdMSUmBh4cHRo8ejZs3\nb2LRokXo0KEDCgoKIJVKFdaVSqWQyWRKz0BEREQEVKE87dmzB0FBQfDw8JCP2dnZwcrKCkFBQUov\nT2fPnkVUVBROnz4NqVQKe3t7PHjwAOvXr0eTJk3KFSWZTAYDA4M37jMtLQ26urpKzfm+yM3NRXJy\ncpW2TUvTB2CNtLQ01KlTqNxg1ehdjkFNwPlz/py/9s4f0O5jUFJSopT9iC5Pz58/R9OmTcuNN2vW\nDI8fP1ZGJgXXr19H06ZNFc4w2dnZYcOGDWjbti0yMzMV1s/KyoKFhcUb92ltbQ0jIyOlZ30fJCcn\no2XLllXa9tmzF/9rbW2NKu5CI7zLMagJOH/On/PX3vkD2n0M8vLykJSU9M77EX3Pk4uLCyIiIlBa\nWiofKy0tRUREBBwdHd850KssLS1x584dFBcXy8dSU1NhbW0NZ2dnXL58WWH9K1euwNnZWek5iIiI\niIAqlKfZs2cjNjYWPXr0wOTJkzFlyhT06NEDv/76K+bOnav0gB4eHtDT08O8efNw+/ZtnDx5EmFh\nYRgxYgR69uyJnJwcLF68GCkpKQgMDEReXh48PT2VnoOIiIgIqMJluxYtWuDf//43Dhw4gNTUVOjr\n66Njx47w8vKCsbGx0gPWrl0bW7duxeLFizFgwACYmZlh0qRJGDBgAAAgLCwMAQEB2LNnD2xsbBAe\nHv7We56IiIiIqkp0eQIAU1NTjBgxQtlZXqtFixbYvHlzhcscHBywb9++astCRERE2q1S5al79+6I\nioqCqakpPDw8IJFIXrvuiRMnlBaOiIiISNNUqjz5+fnJL8lNnjxZpYGIiIiINFmlylO/fv3kf753\n7x5Gjx4NQ0NDhXWeP3+OtWvXKjcdERERkYapVHlKTU3Fo0ePALz4hHFbW1vUrVtXYZ2bN29i165d\nmDVrlvJTEhEREWmISpWnjIwMjBw5Uv7az8+v3DqGhob48ssvlRaMiIiISBNVqjx98sknuHHjBoAX\nn7sUFRUFMzMzlQYjIiIi0kSiPyTz5MmTry1Orz4qhYiIiKimEf05T6mpqVi+fDmSk5PlD9gTBAEy\nmQyPHz9GYmKi0kMSERERaQrRZ56+++47PH78GKNHj0ZWVha++uorfPbZZ3j+/DmCgoJUkZGIiIhI\nY4g+85SQkIDdu3fDzs4OMTExaN68OYYOHYpmzZohKipK4WMNiIiIiGoa0Wee9PT0YGJiAgBo3rw5\nkpKSAAAdO3bEf//7X+WmIyIiItIwosuTi4sLNm/ejIKCArRu3RonT56EIAj4888/oa+vr4qMRERE\nRBpD9GW72bNnY8KECbC2tsbgwYOxbds2uLm5IS8vDxMnTlRFRiIiIiKNIbo8SaVSHDt2DAUFBTA0\nNER0dDTOnz+PevXqwdnZWRUZiYiIiDSG6Mt2Q4YMwfXr1+XPtjMyMkLXrl1ZnIiIiEgriC5P9evX\nR1ZWliqyEBEREWk80Zft7O3tMWnSJDg4OKBx48aQSqUKy4ODg5UWjoiIiEjTiC5PANC3b19l5yAi\nIiJ6L4guTzyzRERERNpM9D1PRERERNqsSpftSDNkZ2cjLy9P1DZXrmQjJSVT1DYGBgYwMTHB/z5M\nnoiISKuxPL2nsrOzsWhRKLKyiiq9TUGBEXbv/gbvesLxf0/nISIi0kosT++pvLw8ZGUVwdCwP4yM\nLCq93RdfpEBfv16l1y8oeIrCwpPw8+sPCwsLmJgAH31UlcREREQ1Q5XK0y+//IKtW7fi7t272L9/\nP7Zt2wYLCwv4+voqOx+9hZGRBUxMGlZ6/YYNH8PMzKzS6+fkFOPRo7/h6FiMhpV/GyIiohpL9PWb\nnTt3Yul9h9SzAAAgAElEQVTSpejfvz+Kil5cMmrdujU2b96M0NBQpQckIiIi0iSiy9P27dsRGBiI\nYcOGQUfnxebe3t5YunQp9u7dq/SARERERJpEdHm6f/8+WrRoUW7c2toaT58+VUooIiIiIk0lujw5\nOTkhJiZGYUwQBERERMDR0VFpwYiIiIg0kegbxufNmwdfX1+cOnUKMpkMCxcuxK1bt1BQUIBNmzap\nIiMRERGRxhBdnj7++GMcPXoUBw4cQEpKCkpKStC9e3f07dsXxsbGqshIREREpDGq9FEFf/zxB6ys\nrPDFF18AAIKCgnDp0iV06dJFqeGIiIiINE2Vfttu+vTpyMrKko/p6elh2rRp2LNnj1LDEREREWka\n0eVpy5YtWLFiBfr16ycfmzVrFpYtW4aNGzcqNRwRERGRphFdnp48eYImTZqUG2/WrJnC2SgiIiKi\nmkh0eXJ1dcWaNWuQn58vHyssLMSGDRvg4uKi1HBEREREmkZ0eZo/fz7+/PNPdOrUCT4+PvDx8UGn\nTp2QkJCA+fPnqyKj/CMR3Nzc0KlTJ6xcuVK+LDExEQMHDoSzszMGDBiA69evqyQDEREREVCF37Zr\n0qQJDh8+jN9++w23b9+Gnp4emjZtik6dOkFXV1cVGREYGIjz588jIiICz58/x/Tp09G4cWN4eXnB\n19cX3t7eCAkJwa5duzBu3DjExsbCwMBAJVmIiIhIu1XpowqkUim6d++u7CwVys7Oxr59+7B161a0\nbt0aAPDVV1/h2rVr0NXVhaGhIWbOnAkAmDt3Lk6fPo0jR47g888/r5Z8REREpF1El6fExEQEBgYi\nISEBxcXF5ZYnJSUpJViZS5cuwcTEBG3btpWPjR07FsCLS4iurq4K67dp0wZXrlxheSIiIiKVEF2e\n5syZAxMTE6xatQq1a9dWRSYFaWlpaNy4MWJiYhAWFoaioiL0798fEyZMQEZGBj7++GOF9c3NzZGc\nnKzyXERERKSdRJen1NRUHDhwAB9++KEq8pSTl5eH27dvY+/evQgJCUFmZibmz58PIyMjFBQUQCqV\nKqwvlUohk8mqJRsRERFpH9Hlyc7ODikpKdVWnnR1dZGbm4sVK1agQYMGAIB79+5h586daNasWbmi\nJJPJ3nqzeFpamspubq8uGRkZePbsGXR1n6CoSL/S28lkMjx+/LjS6+fmPsGzZ89w69Yt5ObmViWq\nxsnNzdXqs5OcP+fP+Wvv/AHtPgYlJSVK2Y/o8uTt7Y158+ahf//++PDDD1GrVi2F5cq+18jS0hL6\n+vry4gS8+EDOBw8eoH379sjMzFRYPysrCxYWFm/cp7W1NYyMjJSas7oZGxujTp06qFfPFCYmZpXe\n7vHjxzAzq/z6tWoVoqSkDpo1a4aGDRtWJarGSU5ORsuWLdUdQ204f86f89fe+QPafQzy8vKUcm+2\n6PK0adMmGBgY4PDhw+WWSSQSpZcnZ2dnFBYW4s6dO/KzXSkpKfjggw/g7OyMsLAwhfWvXLmC8ePH\nKzUDERERURnR5enkyZOqyPFaTZs2xaeffgp/f38EBAQgMzMT4eHhmDRpEnr27Inly5dj8eLFGDRo\nEHbt2oW8vDx4enpWa0YiIiLSHlX6nKfHjx/j1q1bKC0tBQAIggCZTIbExET4+voqNSAALF++HIGB\ngRg6dCgMDQ0xbNgwDB06FAAQFhaGgIAA7NmzBzY2NggPD+cHZBIREZHKiC5Pe/bswffff4/i4mJI\nJBIIggDgxSU7R0dHlZSn2rVrIyQkBCEhIeWWOTg4YN++fUp/TyIiIqKKiH623YYNGzB+/HjEx8fD\n3NwccXFxOHjwIOzs7PCPf/xDFRmJiIiINIbo8pSRkYHPP/8cUqkUrVq1wtWrV9GyZUvMmTMHe/fu\nVUVGIiIiIo0hujyZmZnJPyeoefPm8l/5s7KywsOHD5WbjoiIiEjDiC5Pnp6emDVrFi5fvozOnTtj\n3759OHr0KNauXVttH5xJREREpC6ibxj/5ptvYGJigidPnqB79+7w8fFBQEAA6tWrh8WLF6siIxER\nEZHGEF2eatWqBT8/P/nr6dOnY/r06UoNRURERKSpKlWeQkNDMXr0aBgaGiI0NPSN675crIiIiIhq\nmkqVp3PnzmHEiBEwNDTEuXPnXrueRCJRWjAiIiIiTVSp8rR9+3b5nwcNGgR3d3eYmpqqLBQRERGR\nphL923bff/89nj59qoosRERERBpPdHlyc3PDgQMHIJPJVJGHiIiISKOJ/m27R48eYd26ddiwYQPM\nzMygr6+vsPzEiRNKC0dERESkaUSXp4EDB2LgwIGqyEJERESk8USXp379+r12WVFR0TuFISIiItJ0\nostTVlYWwsLCkJycjJKSEgCAIAgoKipCSkoKLly4oPSQRERERJpC9A3jc+bMwW+//QYHBwdcvnwZ\nTk5OMDMzQ3x8PCZPnqyKjEREREQaQ/SZpwsXLiAiIgIuLi44c+YMunbtCldXV2zcuBGnT5/GiBEj\nVJGTiIiISCOIPvMkCAKsrKwAAC1btkRiYiIAwNPTEwkJCcpNR0RERKRhRJcne3t7xMTEAADs7Oxw\n5swZAEB6erpykxERERFpINGX7b7++muMHz8eRkZG8Pb2xqZNm+Dl5YX79++jb9++qshIREREpDFE\nlydXV1fExcWhoKAApqamiI6ORmxsLOrVqwdPT09VZCQiIiLSGKLL0/z589G7d2+0b98eAGBlZYWh\nQ4cqPRgRERGRJhJdnnJzc+Hn5wcDAwP06tULvXv3hqurqyqyEREREWkc0eVpxYoVkMlk+M9//oPj\nx49j4sSJMDQ0hKenJ3r37g0HBwdV5CQiIiLSCKLLEwBIpVJ4eHjAw8MDMpkMW7duxYYNG7B161Yk\nJSUpOyMRERGRxqhSeSopKcG5c+dw7NgxxMbGorS0FH369EGfPn2UnY+IiIhIo4guT7Nnz8bJkydR\nWlqK7t27Y/HixXB3d4eurq4q8hERERFpFNHlqaCgAEFBQejSpQukUqkqMhERERFpLNHlaeXKlarI\nQURERPReEP14FiIiIiJtxvJEREREJALLExEREZEIlbrn6f79+5XeYaNGjaochoiIiEjTVao8eXh4\nQCKRlBsXBAEAFJbxQzKJiIioJqtUeTpx4oT8z6dOncL27dsxe/ZsODg4QCqV4vr16wgJCcHAgQNV\nFhQAfH19YW5ujuDgYABAYmIiFixYgJs3b+Kjjz7CggUL0KpVK5VmICIiIu1WqXueGjduLP8vPDwc\nS5YswaeffgozMzPUrl0b7du3x/fff4+1a9eqLOihQ4dw+vRp+ev8/Hz4+vqiXbt22LdvH5ydnTFu\n3DgUFBSoLAMRERGR6BvGc3NzUVxcXG78+fPnKCoqUkqoV2VnZ2PZsmVwdHSUjx06dAiGhoaYOXMm\nmjdvjrlz58LY2BhHjhxRSQYiIiIioArlqW/fvvj2229x4MAB/PXXX7h58yaio6Ph7++PwYMHqyIj\nlixZAm9vb7Ro0UI+Fh8fD1dXV4X12rRpgytXrqgkAxERERFQxWfbGRsbIzg4GI8fPwYA1K9fH0OH\nDsX48eOVHvDs2bO4dOkSDhw4gICAAPl4RkYGPv74Y4V1zc3NkZycrPQMRERERGVElyc9PT3MmDED\nM2bMkJcnMzMzpQcDAJlMhgULFiAgIKDcc/QKCgrKjUmlUshkMpVkISIiIgKq+CGZaWlpWLJkCebN\nm4fi4mJERUXh0qVLys6GNWvWoHXr1ujYsWO5Zfr6+uWKkkwmg4GBgdJzEBEREZURfebpwoUL8PX1\nRefOnfHbb7+hsLAQqampWLBgAVasWIFevXopLdzhw4fx6NEjuLi4AID8hvSjR4+iT58+yMzMVFg/\nKysLFhYWb91vWloadHV1lZZTHTIyMvDs2TPo6j5BUZF+pbeTyWTyM4aVkZv7BM+ePcOtW7eQm5tb\nlagaJzc3V6sv73L+nD/nr73zB7T7GJSUlChlP6LL07Jly/D1119j2LBh8lLz7bffwsrKCmvWrFFq\neYqMjFT4zb5ly5YBAGbOnInz588jPDxcYf0rV65U6r4ra2trGBkZKS2nOhgbG6NOnTqoV88UJiaV\nv2z6+PFjUZdZa9UqRElJHTRr1gwNGzasSlSNk5ycjJYtW6o7htpw/pw/56+98we0+xjk5eUp5cO8\nRV+2u3nzJj799NNy4x4eHrh79+47B3pZw4YNYW1tLf/P2NgYxsbGsLa2Rq9evZCTk4PFixcjJSUF\ngYGByMvLg6enp1IzEBEREb1MdHlq3LgxEhISyo2fOnUKjRs3VkqoyqhduzY2bNiAixcvwsfHBwkJ\nCQgPD+c9T0RERKRSoi/bTZs2Df7+/khISEBJSQliYmKQnp6OQ4cOYenSparIKFf2WJYyDg4O2Ldv\nn0rfk4iIiOhlos88/eMf/8COHTvw6NEjfPTRRzhx4gRkMhl27NiB3r17qyIjERERkcYQfeYJAGxt\nbVV+lomIiIhIE4kuT0VFRYiJiUFCQgKKi4shCILC8lcvrRERERHVJKIv282dOxdBQUF48uRJueJE\nREREVNOJPvN0/PhxrF27Fu7u7qrIQ0RERKTRRJ95MjExgZWVlSqyEBEREWk80eVpwoQJCAoKQkpK\nisKnfxMRERFpA9GX7cLDw5GRkYE+ffpUuFwZH3tOREREpKlEl6eQkBBV5CAiIiJ6L4guT25ubqrI\nQURERPReqFR56t69O6KiomBqagoPDw9IJJLXrnvixAmlhSMiIiLSNJUqT35+fjA2NgYATJ48WaWB\niIiIiDRZpcpTv379Kvzzq4qKit49EREREZEGE33PU1ZWFsLCwpCcnIySkhIAgCAIKCoqQkpKCi5c\nuKD0kERERESaQnR5mjNnDu7evYuePXsiIiICo0aNwt27d3H8+HH4+/urIiNpsOzsbOTl5an0PYyM\njFC3bl2VvgcREVFliS5PFy5cQEREBFxcXHDmzBl07doVrq6u2LhxI06fPo0RI0aoIidpoOzsbCxa\nFIqsLNVerq1fvxa++86PBYqIiDSC6PIkCIL88SwtW7ZEYmIiXF1d4enpic2bNys9IGmuvLw8ZGUV\nwdCwP4yMLFT0HpnIytqHvLw8liciItIIosuTvb09YmJiMHHiRNjZ2eHMmTMYPnw40tPTVZGP3gNG\nRhYwMWmosv3n56ts10RERKKJLk9ff/01xo8fDyMjI3h7e2PTpk3w8vLC/fv30bdvX1VkJCIiItIY\nosuTq6sr4uLiUFBQAFNTU0RHRyM2Nhb16tWDp6enKjISERERaQzR5QkAateujdq1awMArKysMHTo\nUKWGIiIiItJUlSpPtra2b3wky8uSkpLeKRARERGRJqtUedq2bZuqcxARERG9FypVntzc3MqNJScn\nIyUlBTo6OrCxsUGTJk2UHo6IiIhI01Tp8SxTpkzB5cuXUbduXZSWluL58+dwd3fHypUrYWJiooqc\nRERERBpBR+wGc+fOhZ6eHmJjY3Hu3DlcuHABR44cQUFBARYsWKCCiERERESaQ/SZp/Pnz2PPnj34\n4IMP5GMffvgh5s2bh3/+859KDUdERESkaUSfebK2tsZ///vfcuP3799Ho0aNlBKKiIiISFOJPvPk\n4+ODhQsX4vr163BxcYGenh6SkpKwbds29O/fHzExMfJ1P//8c6WGJSIiIlI30eXpp59+gomJCY4e\nPYqjR4/Kx42NjRXGJBIJyxMRERHVOKLL08mTJ1WRg4iIiOi9IPqep5CQEMhksnLjKSkpfEwLERER\n1Xiiy1NcXBy8vLxw8eJFAEBRURHWrFmDzz//nJ/xRERERDWe6Mt2Bw4cwNq1a/HVV1+hb9++uHLl\nCoqKirB69Wp069ZNFRmJiIiINIbo8iSVSuHr64s7d+4gKioKenp6CAkJYXEiIiIirSD6st3PP/8M\nT09P/PXXX9i+fTu+/fZbBAQEYOzYsbh7964qMuLhw4eYMmUK2rdvj08//VThvqv09HSMGjUKLi4u\n6NOnD86cOaOSDERERERAFcrTvHnzMGDAAOzfvx/t2rXDiBEjcOjQIejp6aFPnz6qyIgpU6agsLAQ\nO3fuxA8//IC4uDisWrUKADBx4kRYWloiOjoaffv2hZ+fHx48eKCSHERERESiL9vFxMSgRYsWCmMN\nGjTA+vXrcezYMaUFK5Oamor4+HicOXMGZmZmAF6UqaVLl6Jz585IT0/H3r17oa+vD19fX5w9exZR\nUVHw8/NTehYiIiKiSp15unDhAoqLiwGgXHEqk5+fj9TUVOUl+x8LCwuEh4fLi1OZnJwcXLt2Da1a\ntYK+vr583NXVFVevXlV6DiIiIiKgkuVpxIgRyM7OVhjz8vLC33//LX+dm5srv5SmTCYmJujUqZP8\ntSAIiIyMRIcOHZCZmQlLS0uF9c3NzfHw4UOl5yAiIiICKlmeBEEoN5aeni4/G1Wdli5diqSkJEyf\nPh35+fmQSqUKy6VSaYUf4klERESkDKLveVKnZcuWYfv27fjxxx/RsmVL6OvrlzsjJpPJYGBg8Mb9\npKWlQVdXV5VRVS4jIwPPnj2Dru4TFBXpv32D/5HJZHj8+HGl18/NfYJnz57h1q1byM3NVUoGMd70\n/lXfZy6Sk5OVsq/3EefP+XP+2jt/QLuPQUlJiVL2896Up0WLFmH37t1YtmwZevToAQCwsrIq9wWQ\nlZUFCwuLN+7L2toaRkZGKstaHYyNjVGnTh3Uq2cKExOzt2/wP48fPy53/9ib1KpViJKSOmjWrBka\nNmyolAxivOn9qyo5ORktW7ZUyr7eR5w/58/5a+/8Ae0+Bnl5eUhKSnrn/Yj+qAJ1CA0Nxe7du7Fy\n5Up4enrKx52cnJCYmKhwme7SpUtwdnZWR0wiIiLSApU+8/Tvf/8btWvXlr8uLS3F8ePH5WcxcnJy\nlJ8OLx44vH79eowbNw4uLi7IysqSL3Nzc0PDhg3h7++PiRMn4uTJk0hISEBISIhKshARERFVqjw1\natQIERERCmPm5uaIjIxUGFPWZZWXnThxAqWlpVi/fj3Wr18P4MUN7BKJBElJSVi7di3mzp0LHx8f\nNGnSBGvXrkWDBg2UnoOIiIgIqGR5OnnypKpzvJavry98fX1fu7xJkybYvn17NSYiIiIibfZe3PNE\nREREpClYnoiIiIhEYHkiIiIiEoHliYiIiEgEliciIiIiEVieiIiIiERgeSIiIiISgeWJiIiISASW\nJyIiIiIRWJ6IiIiIRGB5IiIiIhKB5YmIiIhIBJYnIiIiIhFYnoiIiIhEYHkiIiIiEoHliYiIiEgE\nliciIiIiEVieiIiIiERgeSIiIiISgeWJiIiISASWJyIiIiIRWJ6IiIiIRGB5IiIiIhKB5YmIiIhI\nBJYnIiIiIhFYnoiIiIhEYHkiIiIiEoHliYiIiEgEliciIiIiEVieiIiIiERgeSIiIiISgeWJiIiI\nSASWJyIiIiIRWJ6IiIiIRGB5IiIiIhLhvS9PMpkMc+bMQbt27dC5c2ds2bJF3ZGIiIioBtNTd4B3\ntWTJEiQmJmL79u1IT0/HrFmz0LhxY/Ts2VPd0YiIiKgGeq/PPOXn5yMqKgrz5s2Dra0tevTogTFj\nxiAyMlLd0YiIiKiGeq/L040bN1BSUgJnZ2f5mKurK+Lj49WYioiIiGqy97o8ZWZmol69etDT+7+r\nj+bm5igsLMSTJ0/UmIyIiIhqqvf6nqf8/HxIpVKFsbLXMplMHZGqXV5epqj1c3OfoFatQqXuX2wG\nMd6275ycHDx//lzUPjMyMmBsbFzp9WvXrg0TExOlvb9Yyn5/sfN/U4bqmL+y35/z5/yVNf+qZhBL\n3d8D3vT+2uq9Lk/6+vrlSlLZa0NDw9dul5aWBl1dXZVmU7WcnBzo6T3Hw4dbRW1XXFyMJ0/E/bWb\nmengwYMHyM3NVUoGsV73/gBw7tw5nDt3TtT+ZDJZudL9Ju3bt0f79u0rXFaV9xdL2e8vdv5vylAd\n81f2+3P+nL+y5l/VDGKp+3vAm97/fVNSUqKU/UgEQRCUsic1uHLlCoYPH474+Hjo6Ly4Annu3DmM\nHz8eV65cKbd+Xl4ekpKSYGdnByMjo+qOq3TZ2dnIy8sTtc2tW7fQrFkzUdsYGRmhbt26Sssg1pve\nvyr/6hJ7DGravzqr8jVQk848cP6cv7LmX9UMYqn7e0BNOvOkrB7wXp95srOzg56eHq5evYo2bdoA\nAC5evIjWrVurOVn1qFu37mtLxevk5uaiYcOGas2gTCYmJqL/T63MY1CV91cmzp/z5/zVN/+qZlAm\nTTgG2ui9vmHcwMAA3t7eCAgIQEJCAmJjY7FlyxZ8+eWX6o5GRERENdR7feYJAGbPno2FCxfiyy+/\nhImJCaZOnYoePXqoOxYRERHVUO99eTIwMEBwcDCCg4PVHYWIiIi0wHt92Y6IiIiourE8EREREYnA\n8kREREQkAssTERERkQgsT0REREQisDwRERERicDyRERERCQCyxMRERGRCCxPRERERCKwPBERERGJ\nwPJEREREJALLExEREZEILE9EREREIrA8EREREYnA8kREREQkAssTERERkQgsT0REREQisDwRERER\nicDyRERERCQCyxMRERGRCCxPRERERCKwPBERERGJwPJEREREJALLExEREZEILE9EREREIrA8ERER\nEYnA8kREREQkAssTERERkQgsT0REREQisDwRERERicDyRERERCQCyxMRERGRCCxPRERERCKwPBER\nERGJoPHlKScnB3PnzoW7uzs6dOiA2bNnIycnR7786dOnmDx5Mtq0aYMePXrgl19+UWNaIiIiquk0\nvjzNnz8fN2/eRHh4OCIiIpCSkoJ58+bJl/v7+yM3Nxd79+7F+PHjMW/ePCQkJKgxMREREdVkeuoO\n8Cb5+fk4fvw4du3aBXt7ewDAnDlzMGzYMMhkMjx48ACnTp1CXFwcGjZsiBYtWuDq1avYuXMngoOD\n1ZyeiIiIaiKNPvOko6ODDRs2wNbWVj4mCAJKSkqQl5eH+Ph4NGrUCA0bNpQvd3V1xdWrV9URl4iI\niLSARp950tfXR6dOnRTGtm3bBhsbG9SrVw+ZmZmwtLRUWG5ubo4HDx5UZ0wiIiLSImovT4WFhXj4\n8GGFyywsLGBoaCh/HRkZiaNHj2Lz5s0AXlzWq1WrlsI2UqkURUVFqgtMREREWk3t5enatWsYMWIE\nJBJJuWWhoaHo3r07AGDHjh0ICgrC3Llz0aFDBwAvzky9WpRkMhkMDAwqfK/S0lIAL0qXtiq75KnN\ntP0YcP6cP+evvfMHtPsYlP38L+sDVaX28uTm5oYbN268cZ3Nmzdj2bJl8Pf3x7Bhw+TjVlZWyMzM\nVFg3KysLFhYWFe6nsLAQAHD79u13C/2eS0pKUncEtdP2Y8D5c/7aTNvnD/AYFBYW